DELAY,sdfs,0.1,1,4,1
SET_POSITION,SataliteBody,0,1,SataliteBody,1
SPAWN_UNIT,Virus1,1.5,1,MiddleRight,2.5
SPAWN_UNIT,Virus1,1,1,MiddleLeft,3.5
SPAWN_UNIT,Virus1,0.5,1,MiddleRight,4
DELAY,1,1,1,,5
SPAWN_UNIT,Virus1,0.8,1,MiddleRight,5.8
SPAWN_UNIT,Virus1,0.8,1,MiddleLeft,6.6
SPAWN_UNIT,Virus1,0.8,1,MiddleRight,7.4
SPAWN_UNIT,Virus1,1.6,1,MiddleLeft,9
SPAWN_UNIT,Virus1,0.7,1,RightFront,9.7
SPAWN_UNIT,Virus1,0.7,1,LeftFront,10.4
SPAWN_UNIT,Virus1,0.7,1,RightFront,11.1
SPAWN_UNIT,Virus1,0,1,LeftFront,11.1
DELAY,1,3,1,,14.1
SPAWN_UNIT,Virus1,0.6,1,CenterLeft,14.7
SPAWN_UNIT,Virus1,4,1,CenterLeft,18.7
SPAWN_UNIT,Virus4,0.6,1,RearLeft,19.3
SPAWN_UNIT,Virus4,0.6,1,RearCenter,19.9
SPAWN_UNIT,Virus4,0,1,RearLeft,19.9
SPAWN_UNIT,Virus4,0.6,1,RearRight,20.5
DELAY,1,3,1,,23.5
SPAWN_UNIT,Virus1,0.6,1,MiddleRight,24.1
SPAWN_UNIT,Virus1,0.6,1,MiddleLeft,24.7
SPAWN_UNIT,Virus1,0.6,1,MiddleRight,25.3
SPAWN_UNIT,Virus1,2.4,1,MiddleLeft,27.7
SPAWN_UNIT,Virus4,0.6,1,RearLeft,28.3
SPAWN_UNIT,Virus4,0.6,1,RearCenter,28.9
SPAWN_UNIT,Virus4,0.6,1,RearRight,29.5
DELAY,1,4.5,1,,34
SPAWN_UNIT,Virus2,0.6,1,MiddleRight,34.6
SPAWN_UNIT,Virus2,0,1,MiddleLeft,34.6
SPAWN_UNIT,Virus1,0.2,1,MiddleRight,34.8
SPAWN_UNIT,Virus1,1.6,1,MiddleLeft,36.4
DELAY,1,1,1,,37.4
SPAWN_UNIT,Virus3,1.6,1,LeftBalcony1,39
SPAWN_UNIT,Virus3,1.6,1,RightBalcony1,40.6
SPAWN_UNIT,Virus3,1.6,1,LeftBalcony1,42.2
SPAWN_UNIT,Virus3,1.6,1,RightBalcony1,43.8
DELAY,1,4.5,1,,49.8
DELAY,sdfs,0.1,1,4,49.9
SPAWN_UNIT,Virus1,0.8,1,MiddleRight,50.7
SPAWN_UNIT,Virus1,0,1,MiddleRight,50.7
SPAWN_UNIT,Virus1,0.8,1,MiddleLeft,51.5
SPAWN_UNIT,Virus1,0.8,1,MiddleRight,52.3
SPAWN_UNIT,Virus1,0.8,1,MiddleLeft,53.1
DELAY,1,3,1,,56.1
SPAWN_UNIT,Virus4,0,1,LeftBalcony1,56.1
SPAWN_UNIT,Virus4,1.6,1,RightBalcony1,57.7
SPAWN_UNIT,Virus4,0,1,LeftBalcony1,57.7
SPAWN_UNIT,Virus4,1.6,1,RightBalcony1,59.3
SPAWN_UNIT,Virus4,0.6,1,RoofLeftMiddle,59.9
SPAWN_UNIT,Virus4,0.6,1,RoofRightMiddle,60.5
SPAWN_UNIT,Virus4,0.6,1,RoofLeftMiddle,61.1
SPAWN_UNIT,Virus4,0.6,1,RoofRightMiddle,61.7
SPAWN_UNIT,Virus4,0,1,RoofLeftMiddle,61.7
SPAWN_UNIT,Virus4,0.6,1,RoofRightMiddle,62.3
SPAWN_UNIT,Virus4,0,1,RoofLeftMiddle,62.3
SPAWN_UNIT,Virus4,0.6,1,RoofRightMiddle,62.9
DELAY,1,1,1,,63.9
SPAWN_UNIT,Virus1,0.3,1,MiddleRight,64.2
SPAWN_UNIT,Virus1,0.3,1,LeftBalcony1,64.5
SPAWN_UNIT,Virus1,1,1,MiddleRight,65.5
SPAWN_UNIT,Virus1,0.3,1,MiddleRight,65.8
SPAWN_UNIT,Virus1,0.3,1,LeftBalcony1,66.1
DELAY,1,4.5,1,,70.6
SPAWN_UNIT,Virus5,0.3,1,MiddleRight,70.9
SPAWN_UNIT,Virus5,0.3,1,RearRight,71.2
SPAWN_UNIT,Virus5,0.3,1,RearLeft,71.5
SPAWN_UNIT,Virus5,0.3,1,MiddleRight,71.8
SPAWN_UNIT,Virus5,0.3,1,MiddleRight,72.1
SPAWN_UNIT,Virus5,0.3,1,RearRight,72.4
SPAWN_UNIT,Virus5,1.3,1,RearLeft,73.7
SPAWN_UNIT,Virus5,0,1,MiddleRight,73.7
SPAWN_UNIT,Virus5,3.6,1,MiddleLeft,77.3
SPAWN_UNIT,Virus3,0.1,1,MiddleRight,77.4
SPAWN_UNIT,Virus3,0.7,1,CenterRight,78.1
SPAWN_UNIT,Virus3,0.1,1,MiddleRight,78.2
SPAWN_UNIT,Virus5,0.1,1,RightFront,78.3
SPAWN_UNIT,Virus5,0.1,1,LeftFront,78.4
SPAWN_UNIT,Virus3,0.7,1,CenterLeft,79.1
SPAWN_UNIT,Virus3,0.3,1,MiddleLeft,79.4
SPAWN_UNIT,Virus3,0.8,1,RoofLeftMiddle,80.2
SPAWN_UNIT,Virus5,0.3,1,MiddleLeft,80.5
SPAWN_UNIT,Virus3,0.3,1,MiddleRight,80.8
SPAWN_UNIT,Virus5,0.3,1,LeftBalcony1,81.1
SPAWN_UNIT,Virus3,0.3,1,RightBalcony1,81.4
SPAWN_UNIT,Virus5,0.3,1,LeftBalcony1,81.7
SPAWN_UNIT,Virus3,0.3,1,RightBalcony1,82
SPAWN_UNIT,Virus5,0.3,1,MiddleLeft,82.3
SPAWN_UNIT,Virus3,0.3,1,MiddleRight,82.6
DELAY,Interlude,4.5,1,,88.6
SPAWN_UNIT,Virus2,0.5,1,BackdropLeft,89.1
SPAWN_UNIT,Virus2,0.5,1,BackdropRight,89.6
SPAWN_UNIT,Virus2,0.5,1,BackdropTopLeft,90.1
SPAWN_UNIT,Virus2,0.5,1,BackdropTopRight,90.6
DELAY,1,4,1,,94.6
SPAWN_UNIT,Virus6,0.5,1,BackdropLeft,95.1
SPAWN_UNIT,Virus6,0.5,1,BackdropRight,95.6
SPAWN_UNIT,Virus1,0,1,MiddleLeft,95.6
SPAWN_UNIT,Virus6,0.5,1,BackdropTopLeft,96.1
SPAWN_UNIT,Virus6,0.5,1,BackdropTopRight,96.6
SPAWN_UNIT,Virus6,0.5,1,BackdropLeft,97.1
SPAWN_UNIT,Virus6,0.5,1,BackdropRight,97.6
SPAWN_UNIT,Virus6,0.5,1,BackdropTopLeft,98.1
SPAWN_UNIT,Virus6,0.5,1,BackdropTopRight,98.6
SPAWN_UNIT,Virus6,0,1,BackdropLeft,98.6
SPAWN_UNIT,Virus1,0,1,MiddleRight,98.6
SPAWN_UNIT,Virus6,0.5,1,BackdropRight,99.1
SPAWN_UNIT,Virus6,0,1,BackdropTopLeft,99.1
SPAWN_UNIT,Virus6,0.5,1,BackdropTopRight,99.6
SPAWN_UNIT,Virus1,0,1,MiddleLeft,99.6
SPAWN_UNIT,Virus6,0.5,1,TowerLeftBottom,100.1
SPAWN_UNIT,Virus6,0.5,1,TowerRightBottom,100.6
SPAWN_UNIT,Virus6,0.5,1,TowerLeft,101.1
SPAWN_UNIT,Virus6,0.5,1,TowerRight,101.6
DELAY,1,2,1,,103.6
SPAWN_UNIT,Virus6,0.5,1,BackdropLeft,104.1
SPAWN_UNIT,Virus6,0.5,1,BackdropRight,104.6
SPAWN_UNIT,Virus6,0.5,1,BackdropTopLeft,105.1
SPAWN_UNIT,Virus6,0.1,1,BackdropTopRight,105.2
SPAWN_UNIT,PersonA5,0.5,1,MiddleCenterLeft,105.7
SPAWN_UNIT,Virus4,1,6,SataliteBody,111.7
SPAWN_UNIT,Virus1,0,1,LeftFront,111.7
SPAWN_UNIT,Virus4,0.5,6,Antenna,114.7
DELAY,1,4,1,,118.7
SPAWN_UNIT,Virus4,0,1,RearLeft,118.7
SPAWN_UNIT,Virus4,0,1,RearRight,118.7
SPAWN_UNIT,Virus6,0,1,RightBalcony1,118.7
SPAWN_UNIT,Virus4,0,1,TowerLeft,118.7
SPAWN_UNIT,Virus4,1,1,TowerRight,119.7
SPAWN_UNIT,Virus1,0,1,MiddleLeft,119.7
SPAWN_UNIT,Virus4,0,1,TowerLeftBottom,119.7
SPAWN_UNIT,Virus4,0.4,1,TowerRightBottom,120.1
SPAWN_UNIT,Virus4,0,1,BackdropTopRight,120.1
SPAWN_UNIT,Virus4,0,1,BackdropTopLeft,120.1
SPAWN_UNIT,Virus4,0,1,RoofRightFront,120.1
SPAWN_UNIT,Virus4,0,1,RoofLeftFront,120.1
SPAWN_UNIT,Virus4,0,1,RightFront,120.1
SPAWN_UNIT,Virus4,0,1,LeftFront,120.1
